0 0
20 6765
41 165580141
1 1
8 21
88 665487541
27 196418
87 879370834
13 233
55 583861472
79 923369890
52 951279875
43 433494437
80 184550589
0 0
30 832040
79 923369890
12 144
56 851432142
10 55
79 923369890
42 267914296
7 13
10 55
15 610
4 3
2 1
76 598991529
15 610
45 134903163
15 610
14 377
66 889840849
21 10946
20 6765
48 807526948
73 527403788
91 755204270
36 14930352
1 1
34 5702887
33 3524578
70 489376391
55 583861472
96 93363621
50 586268941
24 46368
80 184550589
21 10946
85 93254120
40 102334155
8 21
28 317811
5 5
67 569898238
62 739509517
81 107920472
55 583861472
81 107920472
83 400391533
89 544858368
40 102334155
74 535793874
68 459739080
12 144
15 610
100 687995182
5 5
28 317811
12 144
28 317811
25 75025
79 923369890
79 923369890
76 598991529
78 261180706
70 489376391
74 535793874
62 739509517
69 29637311
39 63245986
18 2584
20 6765
9 34
31 1346269
89 544858368
24 46368
57 435293607
22 17711
20 6765
100 687995182
67 569898238
32 2178309
0 0
100 687995182
21 10946
64 209783453
47 971215059
13 233
48 807526948
12 144
41 165580141
42 267914296
19 4181
79 923369890
54 267570670
90 210345902
73 527403788
36 14930352
3 2
64 209783453
27 196418
63 470273943
51 365010934
5 5
89 544858368
87 879370834
46 836311896
32 2178309
42 267914296
65 680057396
48 807526948
56 851432142
65 680057396
29 514229
45 134903163
86 786116714
30 832040
22 17711
9 34
20 6765
93 720754435
67 569898238
32 2178309
76 598991529
62 739509517
55 583861472
44 701408733
61 730764433
33 3524578
72 8390086
10 55
58 286725742
23 28657
9 34
86 786116714
36 14930352
18 2584
83 400391533
43 433494437
99 94208912
50 586268941
0 0
6 8
97 500422649
28 317811
81 107920472
99 94208912
98 593786270
95 407059028
36 14930352
59 722019349
46 836311896
46 836311896
50 586268941
68 459739080
92 965550172
43 433494437
85 93254120
31 1346269
64 209783453
77 662189184
36 14930352
49 778742000
66 889840849
39 63245986
43 433494437
7 13
45 134903163
21 10946
74 535793874
26 121393
17 1597
52 951279875
78 261180706
99 94208912
80 184550589
5 5
4 3
56 851432142
35 9227465
34 5702887
32 2178309
37 24157817
76 598991529
41 165580141
81 107920472
31 1346269
59 722019349
52 951279875
41 165580141
78 261180706
0 0
28 317811
28 317811
70 489376391
68 459739080
23 28657
6 8
85 93254120
33 3524578
12 144
58 286725742
10 55
32 2178309
59 722019349
50 586268941
47 971215059
58 286725742
20 6765
3 2
85 93254120
61 730764433
64 209783453
52 951279875
65 680057396
95 407059028
77 662189184
23 28657
1 1
20 6765
33 3524578
39 63245986
68 459739080
79 923369890
32 2178309
82 292471061
2 1
8 21
77 662189184
85 93254120
13 233
11 89
91 755204270
65 680057396
4 3
24 46368
23 28657
61 730764433
33 3524578
42 267914296
36 14930352
37 24157817
68 459739080
92 965550172
23 28657
19 4181
36 14930352
30 832040
2 1
28 317811
55 583861472
75 63197655
69 29637311
57 435293607
87 879370834
34 5702887
77 662189184
0 0
63 470273943
54 267570670
98 593786270
91 755204270
17 1597
38 39088169
86 786116714
13 233
65 680057396
78 261180706
16 987
2 1
18 2584
42 267914296
37 24157817
61 730764433
43 433494437
95 407059028
42 267914296
49 778742000
8 21
97 500422649
38 39088169
1 1
63 470273943
64 209783453
82 292471061
39 63245986
52 951279875
41 165580141
75 63197655
83 400391533
7 13
75 63197655
7 13
97 500422649
46 836311896
53 316290802
93 720754435
35 9227465
25 75025
94 686304600
64 209783453
21 10946
54 267570670
77 662189184
54 267570670
24 46368
57 435293607
35 9227465
95 407059028
40 102334155
10 55
43 433494437
48 807526948
7 13
27 196418
96 93363621
16 987
76 598991529
74 535793874
41 165580141
61 730764433
93 720754435
93 720754435
65 680057396
71 519013702
10 55
8 21
64 209783453
28 317811
50 586268941
31 1346269
92 965550172
45 134903163
65 680057396
72 8390086
51 365010934
12 144
81 107920472
24 46368
19 4181
41 165580141
56 851432142
62 739509517
22 17711
67 569898238
60 8745084
41 165580141
73 527403788
97 500422649
44 701408733
96 93363621
11 89
5 5
35 9227465
10 55
83 400391533
68 459739080
47 971215059
73 527403788
31 1346269
16 987
64 209783453
35 9227465
70 489376391
2 1
22 17711
11 89
51 365010934
39 63245986
86 786116714
72 8390086
55 583861472
41 165580141
28 317811
6 8
66 889840849
10 55
72 8390086
15 610
65 680057396
21 10946
95 407059028
37 24157817
46 836311896
82 292471061
70 489376391
18 2584
29 514229
49 778742000
0 0
45 134903163
77 662189184
0 0
84 692862594
37 24157817
96 93363621
98 593786270
92 965550172
89 544858368
77 662189184
89 544858368
100 687995182
69 29637311
16 987
24 46368
23 28657
91 755204270
27 196418
7 13
97 500422649
21 10946
16 987
16 987
44 701408733
27 196418
20 6765
30 832040
62 739509517
62 739509517
19 4181
30 832040
39 63245986
25 75025
97 500422649
89 544858368
29 514229
80 184550589
79 923369890
98 593786270
5 5
38 39088169
12 144
49 778742000
80 184550589
93 720754435
95 407059028
29 514229
4 3
65 680057396
7 13
2 1
10 55
85 93254120
35 9227465
70 489376391
44 701408733
56 851432142
56 851432142
37 24157817
12 144
44 701408733
49 778742000
7 13
65 680057396
1 1
17 1597
51 365010934
8 21
21 10946
79 923369890
8 21
16 987
58 286725742
13 233
6 8
4 3
28 317811
74 535793874
5 5
75 63197655
79 923369890
78 261180706
3 2
42 267914296
35 9227465
39 63245986
16 987
70 489376391
29 514229
9 34
18 2584
36 14930352
15 610
19 4181
98 593786270
78 261180706
35 9227465
70 489376391
78 261180706
34 5702887
12 144
100 687995182
52 951279875
55 583861472
58 286725742
47 971215059
24 46368
7 13
26 121393
53 316290802
72 8390086
61 730764433
100 687995182
14 377
31 1346269
23 28657
41 165580141
45 134903163
54 267570670
2 1
76 598991529
73 527403788
23 28657
57 435293607
48 807526948
75 63197655
14 377
90 210345902
97 500422649
100 687995182
77 662189184
0 0
70 489376391
83 400391533
37 24157817
97 500422649
90 210345902
67 569898238
62 739509517
5 5
0 0
94 686304600
45 134903163
47 971215059
22 17711
82 292471061
78 261180706
8 21
64 209783453
52 951279875
11 89
21 10946
66 889840849
31 1346269
0 0
30 832040
40 102334155
31 1346269
79 923369890
76 598991529
77 662189184
2 1
55 583861472
12 144
70 489376391
25 75025
64 209783453
83 400391533
51 365010934
77 662189184
76 598991529
33 3524578
50 586268941
38 39088169
57 435293607
80 184550589
65 680057396
47 971215059
6 8
94 686304600
4 3
40 102334155
93 720754435
23 28657
92 965550172
58 286725742
70 489376391
91 755204270
97 500422649
7 13
67 569898238
96 93363621
14 377
76 598991529
21 10946
72 8390086
33 3524578
32 2178309
88 665487541
6 8
9 34
19 4181
44 701408733
100 687995182
36 14930352
88 665487541
99 94208912
35 9227465
99 94208912
22 17711
17 1597
28 317811
100 687995182
80 184550589
99 94208912
16 987
75 63197655
13 233
34 5702887
42 267914296
80 184550589
97 500422649
10 55
78 261180706
55 583861472
12 144
81 107920472
99 94208912
19 4181
94 686304600
23 28657
57 435293607
52 951279875
32 2178309
66 889840849
85 93254120
15 610
25 75025
71 519013702
33 3524578
35 9227465
12 144
82 292471061
98 593786270
99 94208912
0 0
85 93254120
13 233
43 433494437
45 134903163
49 778742000
36 14930352
53 316290802
32 2178309
61 730764433
11 89
67 569898238
31 1346269
12 144
67 569898238
28 317811
11 89
20 6765
80 184550589
14 377
4 3
9 34
47 971215059
93 720754435
48 807526948
85 93254120
99 94208912
91 755204270
50 586268941
12 144
76 598991529
52 951279875
5 5
28 317811
16 987
9 34
36 14930352
88 665487541
4 3
15 610
47 971215059
69 29637311
1 1
12 144
23 28657
22 17711
82 292471061
38 39088169
97 500422649
26 121393
7 13
81 107920472
25 75025
5 5
94 686304600
54 267570670
51 365010934
75 63197655
35 9227465
68 459739080
62 739509517
4 3
72 8390086
33 3524578
69 29637311
40 102334155
96 93363621
35 9227465
96 93363621
77 662189184
95 407059028
57 435293607
21 10946
67 569898238
55 583861472
33 3524578
12 144
50 586268941
83 400391533
93 720754435
61 730764433
23 28657
15 610
93 720754435
44 701408733
79 923369890
8 21
79 923369890
27 196418
96 93363621
80 184550589
85 93254120
44 701408733
45 134903163
97 500422649
0 0
4 3
21 10946
31 1346269
64 209783453
42 267914296
67 569898238
86 786116714
1 1
20 6765
93 720754435
69 29637311
38 39088169
71 519013702
67 569898238
33 3524578
27 196418
34 5702887
84 692862594
19 4181
49 778742000
43 433494437
27 196418
69 29637311
82 292471061
19 4181
100 687995182
100 687995182
69 29637311
42 267914296
59 722019349
92 965550172
99 94208912
50 586268941
69 29637311
43 433494437
2 1
74 535793874
16 987
29 514229
80 184550589
97 500422649
97 500422649
64 209783453
88 665487541
16 987
34 5702887
26 121393
8 21
42 267914296
54 267570670
40 102334155
43 433494437
82 292471061
69 29637311
6 8
34 5702887
76 598991529
34 5702887
94 686304600
60 8745084
33 3524578
79 923369890
76 598991529
96 93363621
20 6765
73 527403788
11 89
40 102334155
24 46368
90 210345902
42 267914296
30 832040
90 210345902
37 24157817
16 987
90 210345902
93 720754435
15 610
74 535793874
14 377
5 5
95 407059028
94 686304600
20 6765
10 55
4 3
77 662189184
60 8745084
100 687995182
29 514229
38 39088169
41 165580141
51 365010934
55 583861472
83 400391533
68 459739080
1 1
8 21
24 46368
3 2
20 6765
2 1
54 267570670
96 93363621
51 365010934
71 519013702
73 527403788
87 879370834
48 807526948
93 720754435
81 107920472
32 2178309
31 1346269
24 46368
68 459739080
40 102334155
2 1
71 519013702
74 535793874
73 527403788
99 94208912
69 29637311
7 13
96 93363621
0 0
40 102334155
44 701408733
84 692862594
52 951279875
74 535793874
54 267570670
62 739509517
53 316290802
8 21
1 1
80 184550589
23 28657
44 701408733
98 593786270
58 286725742
31 1346269
46 836311896
34 5702887
84 692862594
93 720754435
18 2584
31 1346269
27 196418
2 1
53 316290802
91 755204270
51 365010934
52 951279875
40 102334155
57 435293607
49 778742000
14 377
97 500422649
47 971215059
22 17711
44 701408733
51 365010934
7 13
42 267914296
13 233
31 1346269
10 55
85 93254120
92 965550172
44 701408733
11 89
100 687995182
19 4181
18 2584
97 500422649
45 134903163
16 987
61 730764433
93 720754435
21 10946
10 55
71 519013702
16 987
30 832040
51 365010934
68 459739080
11 89
93 720754435
100 687995182
36 14930352
67 569898238
76 598991529
77 662189184
38 39088169
45 134903163
50 586268941
13 233
54 267570670
76 598991529
71 519013702
60 8745084
69 29637311
90 210345902
69 29637311
81 107920472
51 365010934
35 9227465
43 433494437
25 75025
34 5702887
11 89
66 889840849
46 836311896
2 1
32 2178309
19 4181
24 46368
21 10946
85 93254120
76 598991529
11 89
10 55
0 0
7 13
71 519013702
61 730764433
92 965550172
26 121393
47 971215059
32 2178309
12 144
51 365010934
36 14930352
29 514229
46 836311896
78 261180706
54 267570670
14 377
97 500422649
4 3
28 317811
23 28657
17 1597
62 739509517
24 46368
89 544858368
96 93363621
76 598991529
56 851432142
63 470273943
76 598991529
96 93363621
24 46368
12 144
56 851432142
13 233
77 662189184
100 687995182
