0 0
5502 762680986
8178 897165728
1761 740071071
2710 298710705
1422 966919082
768 988620096
8151 510654113
8665 189929882
1864 672016558
3904 31563404
926 468554338
7226 488729648
6585 819557569
3652 391060891
9196 115063230
7365 112144253
4521 406200322
8872 739889870
7305 841982135
3684 308392884
5974 69155972
6976 245219690
6084 880465973
5895 611440181
1203 369064912
4735 911282483
6147 203053484
5119 578132070
646 468303979
8256 802123266
5333 647082865
6608 352410580
8723 920960670
9249 793350097
6735 765616930
2855 876345402
7412 629488197
2220 457955656
353 122220358
6175 674722195
7857 394157738
4972 373998481
4962 540324352
746 164015224
1864 672016558
9129 955358219
5599 550510112
2633 480134052
6638 417520196
7057 390630069
8793 869791659
1091 410092
9406 575817062
5774 997702830
6203 97300258
6308 881831144
5422 735838967
3201 256973491
5941 927318971
2547 720803837
3079 541510134
465 825582472
6966 698894791
2263 168510498
32 2178309
1970 204228951
9906 685736529
1468 857182708
5351 454217629
8254 784968008
9762 649534945
1022 576847
7928 660655110
8903 231037101
9018 204331898
6581 105202926
8822 885494549
4597 625354787
5138 344443371
3845 652934247
8456 254160396
4514 739721282
5204 210865680
1488 625128221
1378 636856214
182 944743877
3094 692574292
184 501862063
5029 588344903
6690 361131335
7172 529087133
9944 960255583
1949 890621637
4400 477088519
2927 132770593
863 14187110
5344 380810100
28 317811
1028 37106137
1249 113282687
8563 669648303
2846 503144996
7582 140095961
3993 209823155
1118 610713742
763 56123664
226 350530293
7337 891410771
3773 413855925
9389 10286921
274 282432810
1902 920623999
7302 533810935
8339 899732364
7875 956877614
8150 959639164
5433 579097244
6906 697120520
481 756782855
6577 916862920
1762 927259696
6182 306458104
3665 150189818
3847 376180152
4317 76306377
7158 861407102
1238 412011617
8241 64238142
248 764444103
8968 726630404
7549 32406493
4326 473089853
8302 904142517
4862 149150490
8844 647234991
0 0
839 635296574
8546 300578087
7985 926394524
2593 677404244
5932 365610526
5707 98896563
771 774653845
8797 655308778
9620 739602458
9827 848990086
1543 929224320
4381 427447589
7650 733854286
406 559880753
7793 333772874
1343 726031149
9435 935086101
4301 939594498
1877 25107865
5284 245489397
6337 542604934
3274 923612257
8767 849652521
2583 377301868
6705 391353594
3018 648193219
1743 198088501
6264 700578646
6771 535697034
6946 718302584
3328 952625078
9055 654795702
2086 31183656
7774 205841242
3311 298860285
5289 882419685
9382 108016076
8448 723218683
7429 191348766
279 652456998
8159 514662027
2171 925390064
6854 810858372
6550 543456454
9154 364106427
3781 940392524
4048 927258923
9874 273055489
9465 623624891
8457 472296895
5541 374731316
3087 212432283
3350 41352010
9072 167661996
4464 447436310
951 194366257
1136 804620592
4080 362576445
1444 562308059
8352 781304591
9708 352063504
5551 684482691
542 490260421
3263 375279598
8508 973853039
4046 994888913
3906 899113201
928 702613213
8799 124226179
3662 858551773
7992 613191278
2948 273648877
9686 987025297
1322 806802416
2180 799245576
1217 4327528
6663 928175234
3534 413505274
8123 778650011
1042 100692967
3055 253818915
5097 528954950
3695 568423898
2272 779120398
9634 588401615
3965 683522152
748 676334012
2101 613345855
8007 871638800
2842 547169035
3241 23698107
57 435293607
4692 267432437
5100 387758776
5133 971477120
9576 328083023
2131 649708529
2750 340339598
8924 411443671
1350 666377888
3484 298666378
6329 86673127
9478 897071368
5071 386157029
6513 149598323
7632 351070797
2780 958097963
2038 481757502
3153 98420763
7854 312485755
586 142504865
3250 968959289
6788 429554955
334 49468434
2948 273648877
6463 817583093
7611 244664210
8662 362596432
7707 388619775
4088 308236065
7427 403940678
6051 766870812
3667 304750428
9986 480546152
9116 510384254
6383 2531962
4514 739721282
1485 860844854
375 13658091
9457 718281166
8791 767674822
4320 421639082
7514 569015754
8489 108107665
3391 706737418
7887 163965042
2494 219044674
4439 534965990
1373 994503207
5410 489293567
7417 643275173
5341 227990763
7873 698464539
4353 821450804
6091 981344069
7966 611003900
2084 800306485
9623 168042932
318 504570358
5713 207831399
4479 85540939
306 365638776
1418 132828208
6313 871831363
1845 357381073
5300 759355841
1027 773119235
7510 895491570
5495 249829926
8472 194872578
9626 411774179
3729 651516399
5776 432376574
5606 999225482
8991 475589989
9293 79814826
8666 466193039
7522 44315055
2078 556966825
9088 604296657
8805 366279556
9837 457436056
2217 353484841
9075 736720723
282 53292496
2201 458940287
9520 211218763
6850 82573225
5019 653345426
8695 706061632
7784 886236818
2357 748528979
6793 172527390
4822 48111040
7952 102042107
1323 349141947
424 646770890
3866 749847376
7886 789138971
5253 634953685
3671 987433963
74 535793874
5827 115639077
7272 726894386
401 340453264
2994 834581490
3118 181001463
2928 19923314
9197 630642844
6942 666246464
5283 383700906
6383 2531962
2290 785305503
5688 153560751
2954 717945091
980 874008321
3268 478829492
1221 843700636
4921 850516080
5165 536281596
3514 395376043
3033 439438247
3650 44622112
8509 700364480
9764 491329555
4917 661510481
5366 610963872
7105 364082091
2303 160956567
3851 50638468
9098 213943426
9714 448012949
7311 448939923
8798 468917408
6229 498357490
3513 775259040
3581 787311942
5899 941866968
5291 143389045
4634 887348130
2510 373040239
5547 610910103
6346 409199395
9886 202300027
9008 172688658
8736 869881836
2836 689712263
3626 100737140
6158 684236151
6447 687840983
5987 637878560
3284 533708679
4333 468578372
5566 722316944
126 939086502
9424 364013915
6718 956753765
5631 989699797
2770 614832526
6540 835936854
4913 780057266
9325 974730676
480 929900671
2298 945521961
6051 766870812
1679 359133446
7352 136863449
8929 148139631
3897 615315807
4687 427862099
765 820173489
8176 762080607
7442 604569132
8766 966627589
6815 66481312
6165 513549409
4969 850569670
2395 350189382
5206 521746369
9394 617030542
1647 295188721
9732 966523238
377 877938922
534 91507545
577 573061389
1667 398687262
5399 637527895
5750 701951503
7214 498979338
4808 954252640
9043 262863721
380 362378400
4359 523522269
6535 323560091
3057 128600076
2455 387708128
5835 960302140
5796 361850808
8734 590122417
1404 899865242
7260 353674657
2650 81219336
8383 503029047
8755 424702001
7383 343285131
4489 897242466
3975 287497167
2271 956765852
7976 269008811
3504 803538472
9917 469152996
4552 811282532
9064 225391234
8842 565435619
26 121393
3079 541510134
4493 54614264
941 420896943
1993 615321050
7200 544078322
1833 153381014
4319 748972733
7224 370688265
2733 822944389
1532 459111902
4719 59500857
1094 582218570
3098 713569882
8775 187364740
7045 499345118
967 168683474
5280 339876083
9449 135589680
8845 729034363
3093 750232819
4015 383612141
3382 304961754
4571 514446137
8914 566591585
5712 117532554
83 400391533
4378 471521166
8067 886849278
3808 251820095
6892 739440239
3310 133185758
8682 971070300
8414 759311943
7164 93692961
8810 622218675
5230 936746871
795 147076283
2791 556729734
4648 478096522
1302 313928798
2162 469601202
4350 889714680
3749 474265369
3050 343354506
2163 266581322
8045 854610643
2930 172617221
7107 633025128
6477 135274458
3161 251885514
2576 59185021
6101 664007343
8032 170678911
2422 70703389
5653 307061509
5932 365610526
7825 905155871
1083 904954158
8514 472180965
5491 149755410
8011 875674385
5955 441609805
6289 676140888
4166 696987595
2605 675909330
2979 338262057
1630 308300237
7787 928754455
694 178752449
7487 207461071
8596 440575711
7126 865790775
4433 740946941
3306 769347942
8070 133880493
677 316492473
4224 790649794
7062 224579795
2308 716044184
6878 650996603
5647 117214574
3846 723245912
7159 848332191
3832 360086923
4694 780896756
5148 708339218
9026 406675620
6162 685316967
8458 726457291
2852 765207451
6247 967162621
8096 762601822
7878 387458971
5728 824446821
9392 444754834
1240 945187395
7665 134094564
1892 203801397
6686 704452530
8878 756342969
61 730764433
3806 535128465
6486 654541890
1291 24863181
1056 847064456
873 498286393
4030 588382606
6064 813207223
257 361271126
7178 510300197
5962 307177045
5779 166477210
3609 834315334
8591 423645374
466 932271008
9079 540177662
9433 622796783
2402 121083038
3128 955093854
4976 206844607
7975 209732649
4280 77478821
9332 289868528
9903 128265578
6586 997528304
5254 266652792
4065 31946986
9878 85701843
6468 373683152
1553 433039216
6884 136834087
3949 909896644
8170 826366867
1946 233698584
8317 159461577
5543 591888009
3585 522664678
3402 6476330
727 441855044
7908 899954641
9388 706947039
8406 349383401
5710 27233709
9247 425449023
2797 87215311
2743 184356266
8917 135585397
2295 293190420
5315 390550175
1381 272597362
2529 908712360
1634 385547605
5497 616294666
364 954228337
7261 348957295
8608 120867795
22 17711
1026 263986909
1807 641627537
9177 314966808
8445 435326596
9851 315011565
5683 146182644
547 370149506
2512 192215732
5993 980787511
8974 840849832
9870 825686573
7720 649150601
818 657363194
6596 855684420
1845 357381073
1865 387359334
5329 118855221
9038 892226527
2939 685539895
9784 833815531
9570 933969302
4733 11765952
3327 734214035
8229 452494327
602 912912029
2158 548262037
6092 114514714
3141 835473495
8277 186517436
1081 36765155
8541 45591597
1418 132828208
3882 338114988
9740 698431250
8942 531835703
7581 199364102
9436 247375412
805 674404993
9468 384097745
4921 850516080
2892 6469564
7372 890279367
6989 607602222
7398 275078944
1278 104375741
6713 399350204
730 273670680
2242 846413016
9106 75265077
4499 275281609
9613 753211603
7571 38127153
8509 700364480
4183 974160486
1207 409314466
8412 686851381
4412 302805872
4961 423366030
4065 31946986
5706 865272017
8252 552780751
8341 153894784
1101 13676161
3741 695044507
3574 241292808
7208 482310859
7313 73219524
4484 255609231
8500 403349120
5050 835994360
3138 295541760
4478 514256348
4180 989137437
4317 76306377
7275 199293217
4146 445496418
6808 835261185
9172 971584428
7760 187915714
8438 229440102
4151 801438605
683 24795147
1177 618869211
5328 350935589
7783 635022011
6980 442747969
1573 722623236
1889 697373147
5885 903421255
6377 624043784
622 120361894
6553 690063263
711 641483386
6443 240923475
9215 41096546
5283 383700906
2076 361999598
5898 757431254
8278 283045170
4307 794618190
8506 247341591
9591 934434305
3413 995527081
1932 226140620
4755 127278713
8815 210684932
6819 647893871
9378 352505382
2565 895828685
5975 380598366
7997 148578155
6007 693406259
3368 966144668
4831 833616648
345 246792342
3626 100737140
3252 242972773
4260 949630845
7390 153060720
5937 309993039
5770 684492876
3273 642403975
688 828038220
7306 529878663
1899 137463803
4863 466478609
7570 760109960
5852 618664028
2781 211925194
909 47619842
1495 286517471
5558 659042601
7422 705515051
433 484677959
2727 14022839
8185 596586721
775 18180091
9460 412183049
2204 407065741
5951 183210866
2485 168041355
9058 506247559
2408 1066361
723 461551752
7491 984369662
7439 337484979
3780 514821280
9936 978881659
3764 2163714
1377 181014367
9783 387685351
9672 772361025
9724 728160628
1102 913032156
5468 572741267
6755 936128214
9991 891296857
5626 5402402
4459 702493593
8763 799422289
1649 637127327
36 14930352
5957 116555851
4491 983952248
8756 298966493
5448 339472087
1429 109677002
7319 946090641
8582 453053841
1856 714016860
4735 911282483
6874 424288835
1482 181748826
5800 4582560
6317 57551910
5526 605775504
4216 441840854
800 775211706
7458 900597576
7614 753196591
4706 887804299
192 762791999
1794 565245113
3503 252371866
4390 792085964
1602 969074435
7400 332203864
1430 482318165
8256 802123266
4444 113404763
8308 901666462
3440 815523471
914 468682229
8068 123515611
7829 637249666
2154 368233036
240 183250894
8892 590208808
3952 968957583
7084 592593836
7863 950624517
6745 778062974
6925 798491580
6212 968767198
8773 778503359
4764 954829459
7519 956359234
7527 356206145
7877 172168289
5311 994230987
3696 91701502
1445 950996281
230 736946739
3058 3381237
9776 698209518
8894 789866707
6280 606546765
863 14187110
6813 961318882
4236 243844594
2734 585531772
4346 550969186
1067 119492554
2086 31183656
5623 173189829
2266 241475202
2570 136284222
8086 37284287
5802 891603231
3096 135381389
6246 603351528
8459 198754179
2271 956765852
4074 534544304
4096 124518512
6828 566302102
6710 105430659
6925 798491580
9438 429836918
6334 549508499
152 767582855
2843 802935649
4735 911282483
1161 635947328
9702 889130088
5813 335703534
8068 123515611
8285 368675182
2501 334753806
4066 113636989
4858 346316630
1443 388688222
8571 699859567
2777 549556520
2298 945521961
7795 135059483
466 932271008
7550 233375681
8710 49376119
2313 37442535
3841 94933492
3194 46592478
7512 488169108
7565 109756127
439 83168236
7385 605345109
2836 689712263
1321 542339538
8909 389751892
4311 610652088
4661 610105808
602 912912029
3945 960891787
5541 374731316
849 417708058
3175 954270475
8109 203509479
8515 895562440
8422 338277675
2668 692699691
3774 169536455
8663 913666732
502 73724597
6014 512664779
7040 440965298
6024 989460800
7143 273829167
3074 328109577
7634 253963132
5551 684482691
6109 112486128
2315 840559432
2152 132534079
2590 939116
9077 425632795
4245 460005659
1624 624044037
8405 518108403
8657 667562197
6158 684236151
3934 945604934
521 694718897
6483 338437767
2212 933298334
7017 422320940
8952 429027101
2673 113501862
4967 439424924
1166 385506623
1204 557061552
6235 194853244
6159 772281562
2127 604785720
5966 358737404
6142 483229143
8409 84366995
5961 607617400
9308 277566739
5315 390550175
1287 92412966
1326 661030659
2574 664229915
5968 854240729
1804 645579423
9089 375779225
6583 641586834
9326 268617169
3818 830028063
9796 105707517
3902 195577018
240 183250894
7232 297816439
1084 773143154
105 975005981
8462 49177105
4561 133429953
2366 438906814
8232 991275488
7139 457861508
8190 491870452
4432 487831981
2028 295141804
4116 720741676
1058 965389713
8511 374581985
5335 352602557
8193 904490577
2964 445138969
9946 468341672
4317 76306377
3326 218411043
5979 110459732
7120 314198770
5464 343135855
4248 727308935
8849 586876753
9974 217090574
2475 162748335
8760 768938454
9960 236874773
9846 412263167
2718 928272169
1024 754854590
1657 843039648
778 229011169
402 307704195
8067 886849278
7175 995303273
6762 579671435
3244 404362759
98 593786270
207 675919340
7210 618238992
2093 656260069
2317 484235747
987 896391145
3475 567835701
9022 373001076
9971 559276692
9171 108458288
4936 162105002
8962 238497356
3400 17005144
4152 571401046
9951 287163814
2025 203554095
7082 342280046
5567 519034924
8711 269574249
8606 410335450
6301 70024759
6043 781504288
6534 49491228
7940 117275458
403 648157459
9905 907001057
7545 461905429
6045 286614529
5748 442805397
2631 887513618
10000 271496360
