0 0
4670 844803317
75107 816173793
45723 822706183
15171 732249863
43867 158127965
14710 488821785
22868 111929269
85314 738905207
10068 529547656
14493 582961290
33341 799387696
45859 622361599
85893 846034460
21370 541529574
73724 173075337
27265 751289949
88612 1562182
63246 622588726
5950 841851832
73167 291066546
5165 536281596
42558 844788412
34579 382884978
16725 352167432
83549 757221065
51967 137746761
76313 772000925
10367 180463301
33530 66347346
22532 770598969
76071 898151853
1009 529241575
56600 824032269
7835 269161491
58656 525019090
13041 815646260
42680 149448637
12924 19277050
54778 372554874
65525 371921360
14323 225737381
90874 392025392
90737 50456303
50073 792085125
76985 399699023
84223 182690822
30382 278838230
78452 796440110
11385 997127091
41560 607311519
32607 437826168
69013 297417773
25763 828313764
38008 579778978
84070 827328332
23639 308388255
45789 213250470
47697 843542799
50083 438665353
62971 625518721
2895 173966801
92296 989021069
4631 381594802
43571 110980438
67689 269535392
89189 12562409
35334 852505957
98062 37222953
99685 62255280
79224 490675038
33941 298748733
67747 571888471
55924 916065701
23409 667633784
16570 456479721
99705 524175486
33954 795838280
45537 829618477
92668 184575949
37216 618852836
53333 577149543
19698 405058436
5177 130587193
13313 892927983
72727 196303816
80571 880023214
31817 150417719
24912 352385657
99213 559476860
49920 413120787
39959 421877063
18855 817194785
8245 410038633
61817 774984390
77773 467732403
56445 628332667
48378 693661408
14399 440572831
86890 841632258
84692 643204387
86408 505871945
91889 204754327
95430 215811408
39451 530533135
76479 270401526
58103 828337375
6516 843553534
24289 665588697
68822 996633583
99427 658890179
59075 759336130
67304 805474443
17135 998616657
66385 819772930
12415 337994039
77292 310036191
24131 901636874
74782 648917873
99047 151268530
62467 867260978
30148 718019066
36864 741310527
29057 322108019
27573 11264805
75943 37670411
67995 997471387
79947 546664604
35260 578361818
59548 939574776
80356 711905633
64869 650885552
33793 671226917
1634 385547605
43029 904637802
78110 878690905
83524 367175497
99714 409773458
91443 881237523
7111 971954730
33517 108708534
64140 401753653
62387 713172567
70846 942435929
3139 769965871
72903 553537313
59602 724519147
16568 6511073
30799 834696596
70151 923867385
4840 402975847
65316 839995899
92898 784921577
64818 654692727
58685 845550448
90036 590320590
45668 721904850
70242 566551005
83785 640342643
96085 465122992
66964 37494829
25663 661021433
20483 401028890
18208 819115197
6918 66502118
90806 677917725
75878 920989376
11880 26649665
35570 308020417
99816 770446691
27832 29690241
70031 797859784
97323 511453893
79384 568728118
34459 121567409
64215 70692463
20969 660718190
53579 82605087
29233 568634364
35685 913616845
52375 654883723
5112 351181988
7215 625552566
41592 967680726
37166 624907916
93151 312559044
73201 473282567
81413 98939178
52832 306546309
40473 435935400
50779 730824181
49093 131719651
77909 989631633
24421 520245295
38718 326985520
23669 30401379
21042 552049517
88968 437872247
42499 738937783
60514 251260735
79053 601692692
94775 403146631
16990 536084367
94878 112497609
86906 61861259
53934 538272770
43442 477731769
10685 948179675
54328 795191805
10195 24120080
66862 451965543
87845 735387805
3374 240659768
24449 266983406
71252 503009000
72812 207075615
21531 518653410
63056 178834613
2470 937522245
10425 337708237
57250 158333203
28178 700354935
73715 120946383
48114 522584699
45379 420034713
30118 648587866
99803 273998642
89376 190791777
73587 701798991
36329 700054526
35325 261622141
76490 792923480
39032 514655580
14411 20759286
31905 931049272
71677 190627961
64503 789791165
68593 541189182
21799 383201062
64187 444529241
22735 431398678
95966 868857347
78756 849896221
97247 8394952
42799 371209034
69955 437642235
45819 105586143
58156 326711317
47877 994056878
17930 987554659
5061 75953617
79188 879647912
87612 727489715
86999 339014714
15765 87275815
62224 279543182
76853 589412311
55926 320089977
3969 551466707
50590 756026521
70583 393749594
96765 965213868
21167 496422873
79835 240594305
12645 599117178
80635 741477985
11903 661270924
476 379154776
44317 502868312
68403 483449216
79046 758686411
23334 134149754
93032 204315657
34322 876002261
78479 973518785
20854 149704143
43563 760276398
98682 260734247
75013 703349429
63956 527333629
5215 265993448
1346 550358645
16627 249240598
70897 544568970
12769 331301487
88755 545356116
77145 141228752
16774 927560386
47590 791507813
81487 887278712
53311 402666807
70485 399669229
17487 326668614
44191 949904493
3467 163576891
34505 877238155
53261 455824730
17954 847163193
11800 837742152
28478 371943414
45026 534540176
51478 502996741
70626 360564269
81790 206331773
12414 449772948
72080 125273722
15224 814669533
22548 244099382
13007 159706140
78699 188406166
55953 756031046
75869 508517595
68594 856798902
63751 791409394
1032 504888376
13629 892667999
46794 612730469
75629 681177876
25427 623720813
87405 182420260
16260 343593976
14536 772368350
89575 288727689
93260 632120905
71954 542466097
84558 42347560
60674 975793709
46344 833926679
75600 478048856
27453 336771255
44671 111340185
6389 421531539
78014 464141321
97521 856447125
96810 638338073
51499 504073343
15324 446849211
627 606886401
29198 440752314
9510 904875512
62740 390090242
87843 119122740
19695 20648244
53815 714505120
53809 524835813
54710 43273727
9545 189899458
81385 158944894
50653 209242307
84454 377187417
43351 862104665
47174 771957377
50184 900195745
65773 51516101
85477 283366705
70965 969446930
14205 623035624
835 113703320
69278 403877866
86 786116714
85892 155391210
36180 746272575
7821 698841396
37533 417274838
52447 609540586
63576 910838000
5491 149755410
44258 42830041
63888 683363678
19889 369495306
30403 67432946
96442 195885146
18583 963522526
13343 928203405
33381 268021051
92632 384639674
51566 402208808
67768 15424142
9681 566835693
40930 798614279
32837 677530135
64437 377330377
60683 490636574
28936 63687246
8821 945741643
89590 534232898
83506 190677493
93073 265921058
70064 28763840
18408 174151902
88758 556495425
83263 579665012
78912 304249337
9090 980075882
39301 163864341
98296 459186806
82093 195083207
28655 165220204
91334 679036428
88323 5521600
95565 779874203
56084 129800086
48503 86868259
15961 28788602
74967 186830968
96662 271076526
28878 326315995
11549 507953515
69635 339468613
6226 430693996
11494 676059960
32831 286049926
19079 840565180
58521 73692785
11093 117164197
67706 878913091
69264 700988458
99561 238149211
959 880064894
67851 473088384
64788 113269777
67934 297138341
9352 726854708
26698 597331348
62741 510692520
78384 695513256
20189 344281584
83135 559267436
3254 759959037
56721 822861837
61248 495867503
15489 461968731
33419 691918013
9786 55316399
4533 834107564
53489 705158810
71048 45392176
3035 407264050
23395 160375218
7501 899000390
83124 967612154
94857 485950494
51704 967479375
76296 509684966
18019 316736340
56853 104473328
11096 998432911
4009 393953126
69800 99060842
12598 802863903
94787 313996466
42572 484292817
10298 740355996
77154 174963659
51023 68252477
82677 63504535
27525 499682542
18419 383595328
65827 490127192
50964 480564246
91805 504599517
45798 87523858
85483 294273624
78061 494086154
55179 629891956
43658 209678259
48545 182888186
73819 227146363
43950 263568331
39968 595778895
74997 312731461
82489 551244002
95895 441040167
86299 865622774
60207 306342379
22611 657388083
3615 851008122
30539 61982408
22224 876283287
20427 415490108
1692 521475463
51820 256283431
8662 362596432
34387 274829796
24651 653355084
82875 97560981
58627 124120709
31558 330383161
94441 955679013
27250 491870569
57115 642876745
34325 271218420
79330 451352735
77074 192779645
82428 854490329
91554 141888627
92381 556728032
12422 944923059
25934 741978947
23135 466339200
15508 947982972
36116 642909590
65368 909900918
87332 645839818
48263 846307569
71716 219560286
52734 325623197
13453 451367236
70541 653679099
42078 999942215
83838 446432902
1184 350220408
3877 197915905
20120 532068878
25285 832796125
37595 242272385
50677 328228152
80541 485355735
53499 463117323
13454 719918716
37938 652689308
95746 487526505
78719 722273402
86573 791851886
60148 864699040
39099 650144892
51905 311454616
55872 486956675
64391 43227917
65382 49499414
78974 505354909
23491 541914095
35620 920274322
54078 793480181
67172 278613721
22928 615000134
22525 315216610
81528 286885431
36310 635475389
90240 336747201
33286 965898841
58138 442806866
8055 849632474
32983 9309823
86441 785766049
51723 774599255
10671 137808944
86691 427149327
66160 551399228
61266 481018906
718 838838588
97378 632951644
13996 649612685
27549 557951345
31153 790108185
90653 942541679
92579 782202927
1409 642092108
31109 954088037
75181 875240837
9791 550035560
93349 652164461
43733 798020185
83461 510730613
24808 962873470
52993 440573970
84946 943380684
23537 598314929
27361 188351028
58764 93211045
17840 598625709
97329 39319337
39083 843061838
63299 499375577
91176 616843235
18318 135532569
31574 817635855
86381 986019886
61688 393861831
49839 356858114
88994 543831919
65997 774727099
21842 553282775
72761 568050837
94124 802685067
45749 598770507
87641 866588712
92788 572628185
92319 559964467
12162 783930312
89615 227216485
42008 176455910
7537 944614994
18600 554425238
23438 479320829
46963 465676305
81955 767520401
17043 733439836
34417 754126214
77927 432584985
94063 12546471
39042 440036496
51918 955742060
54638 63405430
28637 921172965
6895 73167269
86844 762722745
68569 666885496
25226 110799357
63348 995560083
91727 381302842
20289 51515087
21097 723088867
89427 572702705
97450 212172944
13171 519144979
44870 49679124
26466 242321817
98152 368005495
36175 43096487
16443 616049437
16120 819725707
76793 577832537
93014 483293803
53062 671047681
34386 175924142
682 725935413
74261 872577025
70311 877126791
33581 414142440
8860 370252993
52677 904794365
67441 872947971
88072 402903548
97190 333043540
11369 905283295
27020 231296149
2101 613345855
45756 515306867
51118 258178775
41907 124846993
91568 816756926
70066 992367355
65812 428835607
10470 908101752
91962 156319268
75791 139124371
67726 473305932
83556 308740057
63739 793416903
631 599044638
20885 382486823
51242 802408136
39960 933422378
23640 241509842
97646 135771724
27724 730661442
20718 866669451
90029 150482913
78871 467070750
79705 930200630
31788 605440919
98898 836423849
72683 339654080
62676 805615888
68589 135549204
42991 181364234
93116 490413107
73788 952358980
13360 576655495
27479 826763972
21620 136856051
90045 981756719
89330 626435965
7230 797772375
20573 537865823
97680 63404682
52270 364858917
86128 417053238
50691 734720109
1533 861551353
49107 808438361
61710 734346229
66123 45065681
99505 298979821
54854 556446679
6997 901130860
41828 69950473
23008 9511596
33744 783127233
16564 682649435
91592 717347801
88450 264804077
56402 430325491
9160 853020130
44763 897160923
27135 597997147
52523 762758795
18662 8938540
83252 817797297
17239 155077593
20947 853184462
80873 521061762
99622 198828909
71168 631367434
23426 86316284
66268 339961194
25703 620001809
42130 659083420
61025 457957395
81331 2370912
17736 63082476
99074 782054891
2181 25996954
797 13872853
22350 253787688
23835 583047279
39840 769705386
80269 990739326
33272 217039741
93614 176143216
59577 38649521
66599 137075279
7669 355493332
81938 693025025
88930 17566885
10203 883466436
54406 386350907
67531 194571014
10726 993824650
70149 847507065
46579 66261683
69901 253994575
77278 696435786
87348 195369641
31430 17141833
59289 927556518
99314 966134113
25733 823747437
92570 303190227
46005 757000042
62398 182704350
15440 327558379
62020 158930420
24131 901636874
71647 451456293
54352 327852125
57078 864872183
69679 345729506
72645 530259231
71268 825122037
93522 913260974
3764 2163714
94277 691480451
80111 854733227
3846 723245912
5796 361850808
55084 272231958
15387 618102376
19452 524785078
96607 991918762
67236 509615326
6829 199838509
27499 87178588
32567 255490288
34933 654200378
31525 181928970
82394 613322083
28617 770730435
2272 779120398
25433 319798407
56137 937282132
14347 328369844
49362 777861780
92463 746945573
20962 973572741
19978 839472689
27439 407872594
63084 925203382
99408 502654773
70245 613148815
83932 846520968
22999 333746229
70785 371606085
82785 118543459
33901 924314385
40693 370476831
33823 571868432
69459 789192807
50768 490902802
85347 137436703
11404 950637208
10471 533669811
12968 998278943
98495 310047531
97006 749503888
74595 58234189
846 21083847
40728 892665737
49510 205779076
99574 246816475
46364 63096062
74132 457735972
23195 166476497
29464 113091783
33423 786382766
33087 314025225
90912 424805071
92789 577053831
39193 750036300
73076 348046852
17435 25673024
82356 365274789
79763 123922121
74503 393515776
66186 136068337
41568 595078637
30770 847255155
57843 23554891
72424 486377491
75068 99804978
53030 650264083
23119 205318232
21725 191315334
51330 159575818
41278 37993946
67723 868161387
48986 714938146
75395 189568789
70182 156391155
34497 991907968
78637 231924195
57279 2932149
79028 897975513
74962 831126343
83423 543142633
25235 505310549
91146 23475480
62438 466008900
53765 962428435
78149 170037837
48235 296776519
7505 799455200
98667 548276520
10771 164576054
57141 193608184
27427 372367102
33511 944118456
8691 60484483
80533 731581878
76652 292195241
90100 655668442
81953 64805521
33119 600113393
11939 248406789
29521 535315131
31198 603664855
62796 475883276
7827 514135179
88385 903897946
15048 897941034
93605 570006225
66594 279154408
63325 125598621
25617 796542024
83949 422708266
19029 993495928
74579 882337612
76087 111514679
23171 718666618
87655 362952020
83587 129186891
52393 20211755
52822 240853809
11131 303322135
43785 504522768
96818 174345631
73995 331811191
18126 794715713
77579 513833998
48251 995749183
16589 404195070
50059 545926949
58281 803717118
41647 670564717
65194 276292131
45124 882430351
39064 425235311
81898 188872912
3203 60283932
31007 337155989
92190 155986379
91446 580659438
89847 771230927
23378 692382751
40161 587737486
89466 903200397
69520 829301312
20829 190250854
11898 991236260
98064 520843598
1212 690455738
70255 11988976
85647 676317384
21446 859632030
78759 760069156
66997 279522673
89098 944621490
93162 905585941
9859 211044117
90177 713882132
64930 162332223
80223 17446187
67622 677420873
71830 258888508
34870 18828270
5000 976496506
84413 760972651
90271 684234623
15741 441234728
87222 587532607
16774 927560386
70193 351726235
17109 172400707
86832 66440658
56558 220992759
61802 203094108
69742 105454404
80921 462208291
1840 964437846
92551 329466364
26190 185633911
14526 964464945
58247 144259553
44853 408604187
10807 882256748
96370 10840038
21429 867578393
62332 358702993
40786 827776316
79054 30325604
31252 95179146
67258 130521416
98865 155068003
54160 683063192
77765 36496053
6152 716817453
49898 3052102
50332 773836832
53688 809629120
29534 802979339
93499 369128449
58707 748134049
81526 386851527
49349 827595630
45427 371233737
52096 511334939
8227 135598070
85989 590477134
72205 98303165
330 106015366
92093 994993790
84739 478037
10881 209354701
39533 616293734
50165 105186966
14899 540344073
60383 514167972
22187 172255670
99663 518658505
33580 594215930
42211 503702999
40079 296313147
382 344915454
22260 739643511
2790 231216104
24830 126479639
1456 988880413
62316 432749599
45865 100452087
49303 490648394
4850 579144705
94504 26688541
36350 202053151
7510 895491570
6781 77388594
45222 881321211
8240 362949310
94135 738057054
64869 650885552
71758 201764571
43041 49658641
85754 31599863
55172 314252783
34120 472687743
38564 72489850
71992 192689343
51419 376598452
15578 334644630
100000 911435502
