0 0
307102 64076028
86955 592849854
148023 984100087
957662 337636813
613568 383400244
515216 134717744
802332 235784986
461172 406907077
923829 813661202
387138 134477298
45143 846313649
60767 232420318
237276 845926840
429548 103326351
358210 100015289
877676 185751524
556819 335364950
884884 797895642
532825 312682428
617679 682799887
574846 440605842
842712 12907903
86199 287307479
255389 381276791
570789 843591978
103090 872689144
731974 416009929
989652 26917955
363606 163600561
206531 924360004
32784 319856849
963586 666934361
351810 86289018
34398 232738877
578739 3623891
908092 610223784
409291 5993944
662587 117690120
922710 235092550
469392 649349899
537275 339373516
672169 331366729
519180 104956923
566790 233680201
43506 522875138
263606 170409609
852314 471178999
182324 217999841
718846 261167760
238388 87257803
917948 865179681
566563 843428240
795146 909266914
741627 274914989
189963 380612816
99016 464255045
304485 105529203
897637 492700777
125951 830363383
320963 547014238
551669 255342904
550272 946149723
600520 875786548
987741 887387426
624289 817156905
797479 901911347
999645 447441055
422879 602163672
983624 370755723
375070 976008265
232537 505305467
129692 764606365
585379 585564309
610452 695972121
463093 924207617
366307 491996718
386859 888247578
236908 350960100
865608 322188519
240231 416954116
120267 328502028
510616 897272596
172902 79007385
767720 671082067
442230 782868514
17796 914741569
728593 122435324
600497 927472525
767081 647339444
900288 359751570
777668 906634586
205989 114161288
797684 965546309
908757 909460156
441121 837922354
991021 521794553
347613 46066631
775120 46074847
708380 113499534
983963 818273596
213219 293237722
91182 560990311
248185 121136895
647595 86621968
129316 426512126
597799 150016253
221912 210580922
963903 472803063
790648 260442203
174034 219710894
361311 345266611
882290 457889823
201539 949376518
689646 16124844
397003 700128405
898401 570648969
611138 823627813
824172 909872354
276928 713041676
937435 580425828
511930 565612130
51954 584098453
183837 543677268
637862 450542920
317379 370818150
408406 888882020
861996 47416408
202661 335516940
456226 676794205
698783 738213056
297940 217834217
153477 356132276
445192 29802772
924711 536315809
422039 684016537
771355 2521751
549422 43758229
297701 640153536
782161 383373943
190896 449630691
261503 276127976
521898 468730617
720091 156868445
447554 912302918
372920 703750905
497663 125309603
119516 493856171
790340 815956056
969394 135744210
821971 452059337
658924 163441880
763314 946742202
278361 56530406
960684 10627145
139403 654418454
531182 604479999
939142 953527813
480265 573377037
750499 135275945
450699 648867287
743830 675721271
384582 16904000
763506 177686443
165441 258818713
484329 694043059
314005 681978819
246217 373961964
592545 899053177
110584 627150030
330565 638926240
189604 195052529
693353 228615231
556455 744946
200482 100108291
499970 373690505
886897 766141311
444588 350188433
101977 265261908
634368 439957647
758365 136428370
943788 484586481
914399 389674722
757156 937469067
996652 39725681
665895 450412177
870751 393184969
408697 93855814
865324 544976957
311186 159369463
768267 730068695
140833 871147360
970215 67559139
231254 6517581
641223 83400070
409301 118263323
599577 94898105
107917 893610571
52976 394258224
538318 367796388
142999 423876318
437278 124054694
487715 222881909
115153 525852186
312989 557526717
711709 764918659
209817 128113116
128596 897020337
697940 476179098
385684 755384788
209392 548534764
239822 615480611
954732 233707258
264492 732806318
241633 939691289
961460 64346368
470236 276381258
630615 321455205
750562 452381927
757643 847370927
980691 731703925
335797 318944044
345828 322121630
472210 898782363
736152 270270513
72027 183664061
185767 209141526
953572 398769576
276184 302839514
885685 152517330
534537 681004741
712253 42495315
262149 913912166
635970 270245382
287753 471456574
95085 842917351
525291 767459632
464139 553489523
468777 328143783
376717 931383261
789126 839967010
850047 902416564
214409 604665220
240144 790162425
357629 613802494
720270 728474406
684815 543223161
873621 747607267
572527 684978875
373826 799435075
595181 407606822
756390 132107138
228749 39586001
400404 164553790
962653 33842206
54308 618672648
216516 886087295
587239 627492555
692445 690738246
306857 689857719
977268 145690251
845444 4776402
333800 672490179
4840 402975847
806368 289206937
385842 874609134
882099 726260032
20848 839472062
139094 177724477
323236 215381526
679704 194228706
661719 861626074
572363 952368610
611903 878926146
671298 236058474
479636 275901204
342508 519934742
370118 788611665
669338 352671225
359008 654159952
873382 954462374
862480 554569561
369737 31246420
159155 271959953
618347 254443238
714562 522508182
159662 164292478
425093 289827214
680780 49725921
231691 15536886
355382 837724512
698043 419657761
599323 159633910
197045 956125290
629958 219429229
176016 932385306
728780 595844535
667089 58829414
962329 979460722
704173 851219303
373454 620794587
551444 237570955
243328 598027998
506933 773321522
788498 424542249
213387 158556241
750013 744166702
505240 593524669
950656 918715824
545084 331090890
864422 475521279
191880 584286523
466832 917099789
914777 771385238
354204 203022125
119062 257283875
525592 8383845
187149 36230836
918008 347910937
385253 785088269
200996 412333981
864422 475521279
423267 897856513
356196 614512282
290380 387350563
3352 732113232
896872 697177864
337758 633687975
555418 909728262
469406 455008888
414163 270873755
914360 269112872
904611 657219688
992561 47748554
332255 826370039
491879 270602008
990675 824320754
397291 222420335
110126 414056313
281593 30119068
736252 28227367
859730 621017234
653744 67753429
89436 79329322
18680 51830698
329001 448236452
134527 941255805
118536 195039382
979096 781489487
178250 236540412
837886 359843993
326626 558183619
101055 905169264
102688 366978446
685587 266398656
112491 950109996
641735 766129223
655491 437227422
93380 194633741
270083 346668360
609402 369096977
217916 289379000
404161 204549664
857289 344212972
459183 15132796
832618 882394437
125236 752741530
284858 577512027
400637 479056394
950551 344928034
96259 62183409
541291 358678691
217338 755393609
183639 614348266
593952 364001047
438737 446283458
605330 980565792
212299 740310194
956012 780826724
174271 656037625
752849 58402679
952821 454520814
728782 998686135
93468 586705032
147785 177211066
990098 143261651
979169 818545305
161298 295839064
38950 969969509
520065 494254125
520071 371349482
53716 986259020
383970 723710564
227980 554600126
93091 160861078
410001 229355602
843279 496579081
47110 119829115
76220 815220801
594239 32602083
711751 614137440
55912 263810496
515442 277514873
160027 866579647
187401 981902069
264289 718347876
275953 238290297
489674 804861370
792514 681986741
578443 994633848
795566 448528702
686322 583922085
342126 299546629
433235 627675879
885102 394802637
401428 840277751
182008 526184601
655156 630552476
19819 836492164
236842 182495346
860983 234607991
429851 218805245
756915 509857393
837777 966659531
848430 132542555
870974 760961484
112441 47478057
74444 910623056
874783 15008791
707420 46881753
276920 740671528
127711 244487919
213254 601288069
692280 342169024
819176 678688676
609781 565775950
467965 761954471
339877 23128207
930449 29364143
489738 122781972
184138 581034700
326343 900463107
331738 649289359
174040 70777427
441615 977611971
990666 355072809
21087 582303428
820792 136745574
813598 612507087
526480 405706839
860961 10488919
542391 69720519
907724 176704634
488930 552925758
961459 288122257
749168 422081181
276657 894022851
176435 99825493
171823 624568218
117054 504096018
110564 864456817
874979 623813277
642580 187686318
387758 956580462
820372 520506392
285985 556287435
94863 183019349
365595 671304542
267916 393707389
548416 135251746
426336 980669260
448783 686413627
652263 282238565
318592 126424753
867565 465526299
427189 42306115
704827 466920288
84545 117961990
348341 38551121
832888 289653802
976920 580023941
186999 197839347
904506 635843855
655682 860438589
813911 442597566
228585 959891322
187823 347392042
814484 199933081
237891 242679473
32519 139739647
352413 539089622
585044 211121420
844537 307452795
924151 291367467
66538 131270471
951985 454500981
397572 900561660
995688 565502381
779973 540651424
719868 242684697
936484 903421112
816630 460451316
328961 370871621
539982 495020733
276935 872699507
39384 122796233
814465 250374462
191479 128733855
941721 105758657
155982 76079371
207021 353422247
939132 664855660
974183 27315799
170985 610063150
807687 545486719
256927 887284802
135992 221066293
467907 441747647
621857 634001722
645127 425827025
357634 653148644
662475 577452115
300963 724935265
227722 406406050
915548 505235479
32539 171704914
951475 355638072
946299 24820796
99977 594419419
922100 164309788
475687 704835004
972821 443315136
820772 440734410
117160 836281883
579383 819796813
742063 255192633
807020 434692104
773748 360603168
729572 725393275
911271 531490286
288830 623670071
837239 564713039
908516 861614308
618604 700796457
30295 966767505
478120 656365627
896841 501798693
196924 444514678
152310 922334863
997535 289088786
685859 988477048
71193 100110075
317658 276511951
468798 85769460
843834 975696654
503852 895163718
334662 290688196
584336 88909854
328052 280042152
624458 734956296
408327 891174496
835915 882576040
671115 225605006
824137 972381276
551390 379665643
844188 7862987
584283 452824805
612588 520658135
99613 357947569
251728 232895515
984674 244914979
664516 457887656
109360 909907805
462298 776992575
768988 188358636
2435 698062873
952495 801037062
669760 496395059
716432 173297378
598909 750999383
21418 432406091
400692 892875283
490493 383555911
332021 107754971
98536 210130631
376450 601786587
358015 499123461
761975 527297555
410022 72200463
938533 977259972
625713 716856972
205828 561672553
280004 918855084
609893 263983064
506375 878310462
435277 146989690
298729 999370854
95629 691239732
319056 426502095
689598 544476453
296483 224926472
864316 851151308
481870 446545230
264567 399011847
120798 827068324
105982 105766607
614971 831010514
972607 511122920
532139 531612073
387217 546532812
462089 226578764
722954 880611224
678761 74193873
757532 945765381
963603 859257849
735330 230005720
987940 42082548
60108 926777790
85659 593960884
797204 386220735
474032 136143722
847925 510703585
441613 406586311
440634 833349733
859477 538939055
511195 607739396
680511 355793199
319312 118014534
638565 636165779
315475 369430784
261230 880503570
582915 368255613
441625 413875893
220369 592995422
656788 171963763
538758 196121868
955492 934561736
979606 683801322
189645 741069576
775579 979132989
316783 210129152
976668 278165522
978653 423992543
162412 906391072
848692 193660389
972473 373185710
200343 465239133
818174 208660259
133781 830127205
742117 896687419
572496 561040613
747006 39502412
485654 977000242
246562 133068169
597936 389022298
824988 134934862
509459 627234035
503138 389264195
661513 63035329
148456 501563484
910040 288071050
226269 10107448
156128 972795197
268619 770476450
339702 67289557
802773 647721608
113092 715707667
468748 159814989
277285 299709578
305969 595893987
702009 923865848
389117 572269746
321907 350010110
923505 57610699
215880 723159081
968513 398170214
962392 530054407
390878 530537774
648830 392037270
335017 386753402
2357 748528979
546478 708285074
28489 747734374
847347 392464260
990341 112856632
98421 292619590
311659 466414018
255327 225339033
459151 808440681
650566 160861416
422912 159307953
945406 969017393
300524 827418759
242072 683978709
799947 743556221
722045 502491946
617675 628605645
847795 663079548
572907 528041887
235513 340673544
900315 574273094
562188 929745404
159 452162952
305041 841184363
918939 172866849
794283 678622460
422396 617903034
820402 44206385
881685 969100513
292642 48909226
246977 193690359
250475 6793521
838609 309620046
88108 418440885
377257 581146357
489556 308720754
550645 202307706
99861 814621607
573538 885007382
566297 905603037
737233 566151400
18879 851652800
985984 991770673
610370 244481564
299938 904461970
100579 936679971
90284 418225555
615140 382266714
309351 370024682
91816 442292488
306635 207696090
33367 555660548
359395 288418826
479255 589018265
40273 858345680
132127 511207809
251874 3464469
36216 208865393
22205 108604620
439644 445619083
238856 319152326
128522 970551808
452796 428374121
915238 781967274
620053 997830617
83673 933942375
974951 503325898
567191 7016657
187847 393956361
762228 330094061
371617 208598840
760314 420843833
714233 991400098
130846 268833943
769766 92368221
295780 65527375
28743 395592029
250928 521372083
322902 791941351
710581 256688644
670382 168087336
436244 914066612
695192 814854693
157482 9129275
78358 905282262
371093 87859913
204772 823447000
695520 740034034
534452 402914386
746472 506934891
190885 734166325
292562 357277532
942142 122021480
48972 300695874
438662 683405135
676377 141511304
257706 653183502
948279 446034143
113549 717932443
700413 374262315
308901 950516740
690513 795495497
827800 911682740
970460 642754871
625178 832479423
639716 979624819
999033 338739234
311490 873334676
387255 974036795
955337 46967542
543551 932921975
331435 212768721
881342 813251784
200590 820667106
948040 746096209
384414 609284275
269636 110596547
146953 219668829
408927 996155718
623504 508574208
522270 620869179
791425 922916947
911957 172958529
446273 594976180
941006 759638532
235384 697002175
250470 377581073
205808 433149722
669723 470841711
945805 4183251
215286 559591774
76308 833260217
611129 955341370
701962 559267514
332172 966870001
299389 504464326
690624 967437534
159961 254395188
521823 939638157
266315 394018086
603660 628385508
627417 640178507
202853 821130759
775397 169477404
206164 667776251
681924 192667455
945855 862834444
749651 564106783
484086 721730389
896201 719623925
506641 987594254
277221 988502780
622101 66042421
153358 133644553
912888 836403358
202952 24121016
719820 637176360
281415 909861483
192815 99808413
424683 950623067
929871 812471008
67127 954798164
140992 977791553
726522 874634729
650575 550415356
85043 419465653
176585 292143168
855565 748935063
645836 851737193
182556 158175316
851849 705564986
923508 950115523
55046 871487006
666013 605259597
996229 946777367
93580 502263859
863489 869691170
175549 427435602
629875 635334145
512537 70541315
921216 529185215
605876 566620768
991855 430779264
765653 90133233
834454 743732245
396691 353327807
224075 202588567
295614 697446693
612517 488657406
390996 355041484
310342 885342321
196771 264407117
7047 186490358
959905 449462464
588418 298302294
934861 871496211
671538 206491591
154360 398712803
383743 364097982
69624 730563464
472210 898782363
417255 978082178
868635 569855176
908808 398955370
382360 738824489
826263 912491240
999333 136200793
467184 806259040
689256 809857153
797149 882344417
918825 127552010
527764 417630464
958485 606595022
519713 175692595
834014 802921945
515464 396600298
992042 622967277
658095 491365913
501022 173440116
716622 408256501
411901 440078627
878476 722668976
854077 507909758
647874 259011833
616269 844485311
50458 285414583
601845 720081472
705593 22237375
907038 548398770
665238 306319876
325739 405996474
763460 503750860
86708 63603733
853848 482636845
341597 477104391
936629 403883610
801630 204078413
964996 637300720
320828 64811803
323461 607212880
185156 559445497
232133 642638854
291286 115754739
632049 22720456
682714 704142946
801428 548224401
137824 941592697
900057 18743304
173034 196684737
533094 899692337
743453 612507789
769871 322001578
179566 690001693
20096 69824021
951680 165129300
680762 510209602
406234 239801435
153170 474785044
482813 46712807
254254 214698336
579450 229630763
122493 314016530
520019 345115805
262461 623410081
511908 95129162
254570 923755106
457360 223503521
553238 629565655
337859 533628692
270654 54454571
137807 877025818
732502 692969996
999047 525416502
168734 497373243
488753 504614415
890642 976475776
597588 260424824
564495 353298641
627633 511744919
460925 528035503
770642 763999960
191520 574891306
258148 603307267
274022 344209915
224975 567356561
571078 851860568
585005 892589037
894126 554583464
792368 937395076
524342 706813146
266315 394018086
578981 204944954
541878 292493351
275895 523270436
160183 336394140
210400 743501081
780237 91956149
79085 748757098
650516 424503085
58883 978879006
199377 214882084
594017 435627253
484457 350813605
176735 65277120
926522 251012700
615823 221981212
595 403431052
8515 895562440
161175 87838994
207018 517666224
893449 581640882
639825 778684318
751321 684662136
980739 711562561
362823 868576017
560693 489424763
488430 205268637
132736 381665284
296217 271924997
1000000 918091266
