0 0
6333332 903725335
4785149 245767049
9966579 380362272
187983 989642857
3725695 7860959
2073904 380892144
2518801 564035674
643316 557732988
1322311 364106024
5121918 240876908
2559410 727786071
5026966 415204772
1933408 264424717
9911417 891708256
1890707 838091873
1436338 148455317
2444751 491740278
6063001 221517217
1959719 866908022
2701146 210948560
4692025 629708519
9510749 403543140
1577979 92529158
2934490 280990312
1977704 300739110
1527997 858063893
4220730 882284988
6882929 752938264
40644 100953204
5719026 21138076
7406935 991088498
1809444 153904481
1005288 652827849
7036968 813320760
8407139 813125824
486084 885244032
6195745 8412151
8659976 368175261
5186399 128483750
2531320 423539767
8355675 216973788
4787314 745395269
2702234 568518972
3918606 383337465
616930 227148943
6542051 575295790
2085446 328093807
3189233 758423919
7834447 870777135
7393707 667572992
4992647 390040104
7392634 222811111
3272535 941781419
7222924 248620135
5351862 829403798
2596198 311193825
6617074 547552787
642049 426417108
6997917 977316197
8728783 757501403
4843324 72822434
5647295 609916592
6998739 381354632
1974458 395734247
415581 788028999
2257132 286169361
8494778 445143486
8032544 834052629
754927 560027591
6610072 879194536
5031754 707957995
5938881 521019448
8557934 790002041
6931290 1426150
7930145 604547804
6801608 103135618
3065164 45889540
4417 487468973
2553328 656983258
2033731 81511925
8447779 450432132
2515299 946809142
5948183 129067935
6046573 288761820
9907239 589059691
5051714 288018876
2007687 6088895
52284 520126772
7041721 569778459
2518683 940157283
9587453 391926055
1411688 824277050
4563463 508379229
1808504 845186415
588258 854336300
8426685 342910681
1370258 284671514
2748457 349393180
5343963 295040126
6760291 877100276
814092 77929592
1182181 801762518
1177049 567760826
462249 13221024
9676568 279463030
7641471 900784116
3446073 921962992
1108381 952259235
5263270 649497461
8956522 950622815
743176 195617052
3539754 456905115
2551710 840066097
506208 742582221
4962579 190499889
3547474 31491529
2979473 711771953
6717380 602486182
1607780 474402218
5407921 760504466
5382538 594924055
3389066 133356678
2099013 941512743
3899950 435634196
7002374 474050712
249525 423118253
5367873 669074208
8380894 891461543
2718364 479733130
5195521 99005311
4350434 640958692
5846233 488617280
9302756 179676633
7551011 923371633
6123871 425235734
8661907 50197171
250047 447362681
9050269 306182043
3744554 396299023
9136530 121780373
1123190 786248027
2609644 128284968
1524132 159570590
8317025 71411722
7603283 496958349
952901 144420478
2815110 56459291
9639296 823381074
7102407 417710125
9091475 40401481
4263264 192474864
7350303 515260164
4066832 821862147
9245550 831724815
8438302 148157927
9802640 642744270
106649 585513702
339046 210864780
2557815 619580369
2691356 314187686
9712104 874835181
5043848 896314547
7520949 588954769
3923946 147344976
7676758 328878803
2110184 360494726
7395240 993822480
1349567 207550311
5694674 132744268
9124906 936728351
2140680 45131733
2306200 863939961
88928 88965536
1393187 642455507
3527446 54196380
7904200 848046924
7754033 122601553
4320057 86582564
626848 941435699
9480322 353142961
5084384 428942091
7805170 881248710
5725135 877064748
336312 688300024
6468553 627956915
713673 827720197
7747458 307264086
5461667 691849149
4399086 600499939
3571608 527657340
7634568 556887620
725480 953102686
6489007 448596588
7318761 118144315
1435346 1082100
1747666 456489008
4910292 469621672
1635568 450200838
6343124 406325024
1792422 503321976
3583249 682056329
2597178 235909878
7182273 540358839
2145187 908152349
3751243 17022441
7882127 119422080
6175997 924936967
3581888 337459645
8187004 922489552
155084 112842368
5422426 213787613
6935134 684471956
2378795 97025205
2073502 63298507
9223425 161836544
5134291 487537960
3660209 890692904
4939342 862787410
1595288 445665532
321380 731534105
4570392 472270711
2211583 928048435
9555251 825275924
7445568 951656451
2533427 820345276
8570006 889904687
9403107 196893702
7686394 136279679
954317 552668893
7530804 192088932
3139003 504238582
5791789 311135833
328988 41711893
1648251 682398662
2452201 167642571
1205161 840841167
7187353 44007403
495066 33687214
3596126 870458345
8184562 518161603
1086116 708702720
7690287 627349874
1635437 688030628
4319664 361925936
3740823 821402245
5430213 898936316
9308293 353312275
9314298 591562651
1521178 85126592
4813612 571730034
3551102 815532496
5706928 718608930
6628991 821151333
6109738 260449476
4397274 772389792
7716 420194256
670615 527345115
80089 671031037
2121267 322087033
8945888 198738249
5295941 119503449
7186822 881609279
1519502 222595818
3265375 509446189
4985239 759679462
1689557 206067587
7870598 271184425
8824263 443834756
8325450 925799133
7094931 625058315
6013098 878063210
3394837 215217448
4384017 353902230
4284724 599333153
9008360 561373238
1193262 385305009
528253 872345750
6247099 450095216
2359170 853629691
5847421 706530830
7553683 594497228
4402181 784293065
2623038 336603100
8570074 852736186
2041378 328852353
5280983 417117263
1789929 128605773
1284877 131272896
3798791 9114782
4731465 997275251
5749394 891014234
8185535 344973609
6026526 358167932
6935599 184127613
7349689 138689443
4957800 230800679
8071053 549786250
259579 469229166
7014373 590731579
6166714 19451885
55955 664167271
5689039 759566765
8413034 159653404
4915509 882279863
3288504 713457006
9591122 394527781
6932833 638276674
3055345 709547097
210222 981280069
8038922 618579879
480605 878365877
9515757 420398060
2116830 317021165
1829192 750459707
1102361 473949986
8317209 92690287
3523931 274577342
5358199 677648975
8340051 726773378
5563991 527892436
7516004 854030054
8527381 124903858
3623732 536763088
2910879 701736031
3645614 451929990
9911673 973837062
6737574 916479317
1246415 963649495
1711095 245202451
2400698 681287162
4846712 189427643
8795527 784604954
3859832 814233162
2282011 10659291
8359281 710297899
4443208 417726500
9832789 751145158
5553242 408591405
8475531 241982143
74046 282694590
1408499 721299744
907448 318256206
7969252 774504209
3124967 733921893
9536786 4212878
5250770 531793416
514618 108172448
1349499 174682822
9837660 457813805
420062 413419473
3060139 543244861
54312 582411752
1141206 696924086
4365104 948581111
1352802 998055945
4927299 698461070
6103180 525184666
2286712 261490673
914911 488868392
9723185 904354920
5046700 315158394
5482962 362403335
1195247 242273821
5607801 89695172
4256089 645984528
5993670 943796584
605300 487413017
368628 380722697
5064519 833144697
4596934 912839553
935393 108465534
8022992 376101701
4357074 74222964
7525556 287863612
3016932 916070317
3055961 550758515
9021930 632092580
8869652 817831575
4223631 139334184
9036159 363525430
6713223 397525399
1522212 346727609
6337144 983883515
8183436 78372498
278530 914688506
2201503 851651769
8086194 184491391
3365516 314413184
8517203 491677609
738289 215047012
2244473 256979678
414865 232597615
9523185 249177949
1422539 10039943
3971976 402962071
5415170 850744898
8907149 119436734
8879170 538676401
2472735 354730970
6735081 305097662
1169328 958672443
6922411 122294897
6922580 935984109
1085901 331786520
4346991 47133172
408343 600853693
9488667 940614838
63611 344028664
1837511 410390505
108092 223387500
7138011 878445323
9733063 284797506
6487042 965033923
7190838 868427464
8883556 35874471
8331200 127236022
8412570 453544963
3755632 940594403
8816503 551822787
9486638 515448701
8261056 606581424
4140973 37419706
2850036 877993351
8391008 605889859
622435 858584067
3412739 25544829
8313411 90150185
9200074 980738302
4214532 567106768
5521158 956023224
3964792 104888987
2885494 323662266
2275537 848097080
2520377 632820553
4774155 344095453
2166002 528599194
8781180 499917643
7188161 508535647
7323295 474077839
3092015 860014647
8270998 471165057
7062456 546383663
6749779 683811299
763911 653953687
9421003 501693163
1116750 520189248
1903585 809126543
1430598 784780862
4178430 24264333
9089022 833350059
3927691 817800930
2774211 423988702
5887041 370859388
5734683 223561379
7825054 49181337
9896527 511070423
3080426 192751925
6854458 679073470
4577830 179987043
7965381 122554505
2819353 681664029
3914856 813930165
1338157 447663383
3946285 301939899
158700 680092944
4091648 767139951
3461087 212967076
1874514 646378450
5324179 837134475
8621125 986843316
828565 840189819
1678892 59421074
5975698 361017727
7724276 555684184
9609435 690077868
3177663 154138211
3837380 938208011
2424949 705695209
8249151 704271269
6560285 59072006
3034026 328486389
9029936 736046387
2786158 545239335
667119 834694056
5744004 721687793
8983524 659434351
6196253 69888552
229642 880964637
8239182 997337714
2832672 119143283
7303551 175011220
9657566 672523574
870536 173871489
8190945 496702677
3877242 583936783
6733272 920749624
1209997 53866739
2740261 684461653
9540996 189905200
3757636 582129105
9100815 318535964
6549328 742948742
2961041 876299761
8109436 315823740
6419349 123645721
689907 793687559
3509408 267024537
7411227 650154341
2380920 472962193
835190 186861169
6975161 682949695
5336844 880078045
642737 364318738
9474280 997842931
7127863 466580754
2516514 595265903
4234854 346585139
2798612 33827499
2965882 240651976
3109686 664620110
2957444 440064692
5350487 876911228
5421347 489355811
3673746 275676229
8367649 402787362
6539958 494475926
3433945 24064725
5933208 460519107
1026613 247604987
8621996 670889244
5381347 651125336
1960453 219398521
7666919 322728749
3486736 36554583
4056952 465726026
9155367 758456186
4205194 420501636
5944440 238002962
6045447 459866137
8105859 592443135
7918396 531667970
9159234 175206139
536028 885075388
2576390 836652380
3654242 709141221
3652367 221269293
4141724 23225517
7910177 210338995
9311189 926917431
2401955 211974420
1979686 952744562
7923177 469084018
2613855 899521720
1306952 108875073
4262725 635589868
6881500 628908016
5413017 584980301
5717241 510093363
1950682 94136572
1623912 516189916
8202550 724086502
3187395 134094515
1196387 583533561
4514328 638984610
5567256 575020128
3905040 802134260
4883397 990268363
4397374 827162005
4623428 541096563
8021565 719610844
9646106 253770719
8038808 807600865
7493207 236886261
2991473 366978182
6957759 249521748
8497607 383615064
5854448 771426006
1824434 315756391
4180022 325547576
5782177 60936731
1551295 520175492
4013100 908935829
8594815 539553668
6950920 718099658
5639522 891851363
1917854 400872687
9897443 261819132
7839742 393705715
4269643 234604236
5256164 762888940
3230456 150993526
3366066 498559968
8824839 304179974
3499958 482930594
4726736 995505179
6346188 195905190
2509886 846255557
9258309 256011051
8619821 33688841
2624873 21571593
2660008 998345161
703620 334384552
1010108 213770628
8269774 121794191
6332647 968054645
9032382 267092525
9063584 156249458
3365283 152633260
9722326 482494590
8470247 419268655
9300206 139413829
6484706 558677603
9583248 282035737
3939197 500666876
1005334 842138329
7257659 638387285
4735937 530677094
8208462 225763969
1656086 631422352
5006683 117552753
8852958 603441352
5212010 46119060
906385 795198878
9513793 952478933
7404913 401100219
3551395 708384155
1971859 495914718
6745067 132324871
6460164 905207529
3273967 869295186
1981638 451461666
4116888 213431042
7285777 8527479
6483632 4409699
7543764 611464724
9180734 646414657
9225196 783776132
689928 887295681
4023458 841469536
6976960 683774291
1383274 198966273
6937767 125483305
605754 496164401
3653002 346528960
5340927 318617608
3616807 472065593
6911598 1756674
9086160 320428223
3882758 791849570
5615497 190746961
8199864 752977616
1733596 786640354
1464186 341853763
9755238 172458798
4531334 87771615
3619119 235341450
3870828 362313387
724650 552850821
5331791 516295889
5987831 120340333
2624336 244456786
9906728 599754782
4212041 361968260
7903552 836440630
201702 374519344
8241890 854171791
3692925 323457933
8822009 361982915
2767947 836533567
6991573 729712179
2740293 594915822
5077795 40588877
1729708 559087430
4484683 916652589
8612716 38120825
4179287 404299280
2518891 446288115
1006653 388882560
8517692 510060340
1716888 793820526
3159200 903494959
5038262 329542708
2233278 909878754
5837338 738193788
194158 451044469
1840298 631704029
1555305 281287283
2966539 672772040
9072182 70388411
615205 880492011
7771856 50873531
8683892 119120853
890474 223743678
6384192 273797804
5848830 812331480
1969519 781897194
7738229 803531623
5358139 489727708
5008333 552473984
5000756 965171870
6246849 643781275
885718 400932711
4877783 445321352
1933304 447663513
2395692 795405414
4403081 5520158
2986252 780399650
2351549 21260475
7927053 782333426
3745339 867735807
4282046 445540955
3460447 611894726
2194033 637587551
3855289 577595962
406208 775721913
9455613 154701444
3667506 869195416
7376575 837254381
5762690 527607374
1411979 363525002
3541611 428455822
6199206 382886751
8013198 18209137
5881781 995945531
6976296 266159243
1520381 887812805
6211780 511955115
3040485 184984534
7147557 291612364
1569979 996601189
1466229 478966008
8812766 229828680
766302 891471995
8508039 123146293
8504970 252806212
4997695 474600972
3007207 554076739
3059306 921293966
8915673 581992505
4397107 571322996
8156992 979934209
927856 714447496
8270329 915225866
1902358 96252177
9585555 242824469
1111724 881543345
1905933 398639277
1769674 196430605
8862681 373846011
7410051 903853770
2113207 534532962
632366 658601298
350452 862509254
2108072 613904921
456698 307229650
4472093 215316129
1276483 76653557
3629785 23957321
58404 492684005
1556443 955061694
3847541 934457970
9115848 407925536
8839440 33179903
7791862 27835833
1718965 667544847
4749054 818771993
397067 757201074
7626978 133780843
5495678 542412823
8479517 92631075
1290798 167223276
6182829 434780184
6016132 865936765
239952 832611146
3121173 970854611
1330829 64465777
6442843 749947625
1094756 847939401
7959444 717235292
9230673 218281564
7042740 542689603
1442755 885294768
4959154 50061628
1483526 58846371
5457684 290638883
6607355 347270328
5687474 596542087
4358883 467798467
9983120 612834030
6641736 979917949
18670 838846780
1545152 116308962
1394821 226937599
409016 817678234
5445142 91380517
8447187 434599870
449656 494157208
2620400 214693223
2230259 91034790
2531608 236212723
3381628 765788525
3720691 507106226
7505847 437050489
9711591 701574723
1069775 249862387
5341221 992491351
8222121 820255213
768735 628940879
7479383 954658930
9840849 378923526
7055191 264600815
7679362 542031525
9066885 407818387
375525 136795457
1624355 138117214
9639304 949254863
2834453 73542670
4500863 10342387
4922634 443084665
1456593 93232863
6806787 468765425
8138378 699682165
2928464 445185749
7213027 403695512
7112688 670521507
9869256 70327535
9348819 194078202
1855339 527014207
6229104 149732521
3017121 220512650
3996384 45618806
8677144 525910332
4276481 621640731
2306835 85930171
2754346 924647894
1690302 428614476
39803 199480040
2185359 118625936
7544465 334750699
5024763 186957783
1418420 397514396
6322831 579959089
9593424 500679231
6779971 767576905
2099659 543943036
8776750 652034604
6251933 692140483
9618414 77559082
4772379 188010655
7464806 496557869
9938811 286747483
4697270 859862967
4610887 669685663
1742125 908786190
457191 743978689
6114502 162673477
8473235 377966742
7931355 36856928
3961879 238002937
4196250 786110213
6701717 225383860
7161444 696126162
6978522 935909312
801821 139323544
5046620 775935617
790999 99554797
5993261 794055716
2265296 492056782
9684049 415286931
5082643 301088178
2166683 601415334
4466393 523922968
8359161 533576080
167957 206758122
1462047 329925269
2113358 20489412
9975220 624363567
1749970 708088633
7593459 515167946
4997419 879904383
1884865 477927497
1253632 86353571
4184664 744793123
5435267 514443790
4518525 346775209
5078742 76757160
8910205 473007021
8932131 379920635
2547551 361709252
3898562 156502447
5775625 874321760
2378683 158733614
3238288 163485590
1425659 694906905
2960789 464179405
8440962 448680753
6507218 105517249
8274541 554060419
6901988 156630732
6395037 141798829
7585806 937244568
8775874 790985317
4615320 812895273
4552558 963545342
6954093 393795307
4368019 470092840
9946485 78318945
1013338 73679232
8428148 950228667
9008992 650432649
4625039 977316642
2604458 493643141
3955556 530202323
6508046 999684287
9371734 147348265
7797151 92912090
5378212 326549090
4613239 412904367
8265113 405362217
6906256 237189566
9148232 881677504
8440172 320661603
2319219 538684844
6139279 493235334
2993692 25419713
2988051 123478684
8241468 399295434
2023567 264002273
3024241 297834114
4430764 961699502
7664527 344434932
4172106 418281311
9646804 112483125
5306100 633689845
2305228 945984217
3792479 594612610
1778222 581709924
4989683 486505177
2391111 869478635
9102273 274918199
7531086 75550155
3455274 480361428
5164990 732465651
3071813 799655465
1566771 199756552
5569605 778009393
611582 344480652
7972440 863052373
4734897 800802270
3703268 509239563
8556442 376386421
1676463 117679265
3720610 173676619
9416797 925551427
9607377 994269083
8501694 768697540
2473345 679149535
5896240 166062077
4452641 275978973
3356260 339800248
3382914 861576597
1312952 855244203
1388874 669033764
9209585 169077388
9197469 264908384
3089512 981576040
399417 43847872
5971517 63713580
9726801 864823504
8876128 798146037
1673924 66040678
9622682 556328182
4487437 998496353
136526 816736115
8471860 312217662
6599164 501076218
6459128 777480632
3335113 428786961
4657082 735335851
3435184 694296419
5568436 485507121
2312547 681784931
4980909 682418650
7831087 903596430
4433114 351958751
7638207 917866843
2793279 873913613
7953822 475140297
6968343 928043764
9804666 305039080
7209900 279959681
6190180 900985167
4465077 276750833
9389129 367834604
9320920 387865191
9278000 423055910
7034130 31474564
5806958 682725605
10000000 490189494
