0 0
30271912 164073059
17439415 821422378
64031872 741537638
33262999 360457689
78754742 828051198
40921650 342954786
7716316 779362303
86949842 98867162
26686463 524038536
81585544 540651704
77944228 213374629
59443784 811431058
77341933 146104954
63565871 497078013
39545448 117413900
94557400 464034355
44244163 573096889
37750911 818493015
7255681 360339016
82230816 574448586
76950161 574971026
5743636 522299663
92507431 251031181
93810324 713632126
13318422 589478185
55189510 107077484
91895197 399679185
29527857 963652169
11883828 801320890
14417509 503347436
63604082 57829804
72648282 110104506
87546614 539287392
81439124 156092743
49040751 255036016
919299 664187177
74607862 392258071
82707765 269095074
38115445 210518030
59414922 456507987
25667756 828166492
30145407 449930988
12795832 755192553
62995388 356335368
55448050 95546134
28258742 965657996
78972448 570462280
87696022 655734504
1806838 321533083
31048502 596306181
42650391 620545983
8406584 978174111
8417768 568863398
51966258 215339321
53992415 747537552
91760580 803743981
39979280 536640496
39270936 548885336
2215688 294792566
40023240 933309186
73091837 817442215
87752105 184390103
45595761 240046347
60162398 974315253
80001502 365052816
27211586 559952628
65416134 607881578
65371519 506330591
16435469 596356551
12455860 609466432
84114584 933477488
82150108 588489672
50124892 748393821
20055243 920987777
24637794 491004427
2216505 214675087
40109396 83058288
66077204 852218903
48256571 916868515
60191883 234688756
83605253 363213815
98546018 590287165
25722260 977922675
92909661 269635370
38206335 467171035
30875144 540077722
92613118 905436913
11262664 454794711
86170347 698648056
11217871 332597314
41107451 577182220
7602224 795577252
15822986 809524317
32996363 688701588
54287448 528190417
60008598 929411287
47929391 302407491
68578313 69020621
5201869 620021206
62662068 830761017
58927535 835593837
18832926 770192184
38374414 881540618
74249781 558791526
79917235 967436747
24409541 122256346
30812412 450346439
46143073 985297809
56218730 317534097
56956287 87026396
99601124 745272863
6654345 335459656
74334826 6243168
69127190 130003013
38688141 233335948
86822012 354089731
1057326 224876078
42676171 954675566
92263495 593997212
10658731 383012528
16235123 595527422
71993760 155721753
35321697 597530141
14806918 270145921
32638073 503214009
99937786 793813672
10031372 504818768
91444346 188314885
71661133 740496421
79224513 756007634
46937913 966841886
4993874 515465438
89210543 407548652
28981254 468053319
16957544 972510965
8635356 860423151
72773694 746755689
46107819 419297834
99833478 411387949
14496912 818277909
70424498 864917656
15973886 297606520
80681888 906360519
87326719 652601052
44815081 202049427
76885750 899091020
872085 920910322
42045748 770159434
70961920 232747025
98842746 268027359
19526183 330920242
80501630 64491379
69889688 552743866
74792367 445374743
87924398 240093614
80255336 331384818
64011944 157507390
88786483 183402044
20220279 734068259
32385470 474848521
56528386 516978687
82359152 999799286
492510 470228282
90741794 987762933
18603307 910811699
82510344 892129478
11331086 827829513
55117545 328810243
86023512 136892215
23327713 499790472
11195830 836900417
37127103 966615936
28810538 827180484
58984653 826950879
30283517 653183055
20427048 888583089
4650438 527331849
38257008 905655294
76804766 87111783
43172490 352400918
65935293 899621742
25023782 466034248
85478535 31489843
7169810 722224575
8735266 332887655
38287085 327544969
56541918 804718234
70935483 995004034
12998364 481335811
74297750 341655788
4761639 674494106
99062496 521142917
7087278 239271773
93620227 441886203
15622738 830253618
23501437 898981326
68770503 706355626
98445697 80710523
89030169 497210894
84084922 602251560
55126251 47014426
81380723 206547322
49532985 800841879
63011249 491669613
69819007 303372991
74624143 820434145
62954532 765212204
3644934 221756937
90981261 167517514
69834570 542536100
84988675 574020986
85814672 461355839
21825596 702382939
15152250 697566591
31375849 721080489
36962846 276794962
17565489 455961242
19930372 221376458
34588088 467637445
60486247 376439806
71128124 910977761
10663611 486951818
29015754 708872101
34322507 76315453
47345729 422948833
40823141 440394500
75516635 464959184
2850595 604686456
18563065 5885311
83508586 673060445
87374879 68555429
86450992 742453892
81264305 647632640
31067238 368337703
28618988 552507600
35586031 448121159
84933489 18341996
45721224 115441871
64216586 890170347
19457969 591054446
44632154 743552499
16689423 766480212
56246907 183980700
51212400 329700353
13619260 920648383
87884900 901915720
22737339 795713182
11934169 446293117
40892457 618170527
82197010 489724720
5049226 210882226
72455286 968327621
92446677 177434821
95698039 640972238
65853769 628192934
46855426 943042341
28114803 661495834
30187099 755555568
5986402 531476111
97402263 792134972
79039910 486894610
21927042 830923454
21772514 810387813
4474533 533214950
87109037 361930557
75796138 356251529
14652919 361100742
95846906 490185314
25091355 17386337
28078553 483994523
72331338 792065588
4141817 663276123
21250102 51847889
76192247 828921641
63029540 308827645
52762403 106692442
2613378 682404719
63411728 781104072
34831573 378952157
62407572 130384216
29472543 541261862
60820607 209254411
40386689 157548738
28703621 690622056
76163004 838080188
95856006 682432086
30112623 958049065
46910286 694308929
31521982 262202265
16385630 623564102
47008311 552232304
22489757 871382278
85104546 200065813
17704553 215603938
98745036 889708263
2782480 927524678
58889294 741742937
22315924 133105462
96016228 552445600
89621111 728218391
22247734 493915919
30068154 599998205
26166152 933043740
27086681 929416609
159806 83282599
93988434 880437357
2040684 409794085
94983557 178415053
47773109 893203164
12228805 455574958
38736167 338038378
71129775 555395755
72776743 639314643
57137089 587045808
67721230 54821329
12163265 69449224
50195381 933130040
92838418 938701536
22540260 530693535
31770676 876576005
26262531 805597125
53169585 756052687
45387400 588304496
37879466 111699429
86907679 611765285
36030825 387257334
93684578 141724493
67142869 78480653
3155976 855335081
39755274 534486060
66540107 98593262
29348126 222536341
72641817 17329469
59277707 448727418
58407737 148663002
96825577 596049863
72752581 582610812
22508504 358196747
9238787 183219760
17311726 636002450
43273706 207250031
67265761 97797342
47708395 367435645
37914745 790782872
92249111 739414468
48230980 309218529
61547367 323738717
14131352 501939572
15256457 534693789
30567842 284221352
10660434 942149479
26322808 559907060
25909764 873367408
27536630 833314601
27324987 643112720
10042296 433610448
53437789 402369524
94559901 969667035
5577336 566753588
18663620 317025945
45102818 242433471
87414013 904497876
99386507 16854866
56826201 723214504
81521156 72704892
10843816 300970087
46079207 746143319
18912652 514213140
39932242 81575882
45908407 152732953
50244988 66465054
96340358 54352335
26479210 908995571
52890901 306822742
64059895 568652617
73229028 510359586
21730863 325173600
95357428 356133739
42082160 737446002
45802242 821993399
23475490 346149850
64818402 943014594
91724849 150908242
86578757 655570355
40482791 278371333
18086133 735692760
48406573 836341758
84745244 958262709
59524440 309552378
74829657 170501922
36799574 316019100
84635938 438388011
72517827 501611031
50002659 898779000
29591272 371102823
14986260 586045607
44666877 418798079
29293431 958093796
90745467 482654259
17491012 750017789
11272587 497932283
28208792 398777915
64774301 468303595
76764733 857186347
60711904 506151580
81654373 487259945
27050790 515005968
88421441 864021032
57704652 781094856
48824680 165278627
56049815 645479046
6320204 385614018
77309958 813811569
99330712 325354660
24518831 810861830
8285117 921604907
55160922 584871758
98089534 502672421
90218690 980122247
66962657 267147301
48458253 291822761
41201341 941074163
31125331 833877650
71159621 186412017
57120870 57184923
68071576 90861568
25482344 631875285
10297477 983352981
47801549 391564626
82392454 806010451
67839065 319617543
66823398 332937983
69264103 119872082
63484999 665820227
7449171 187134645
76584226 607868221
34145522 574673511
69547315 825779224
84273119 163503447
15847342 741627894
45813681 306751896
62794932 234986464
49630108 622659323
78092677 122370043
85150759 221104959
75899286 605971908
7483937 897344710
18379141 240544338
81135895 285665192
90227009 403294479
49216709 294644031
84779948 703037805
49180268 462451612
9798642 30464344
86438629 56416313
96468073 604117024
84429272 581157613
95132347 989802334
22509215 29682959
83006461 79951525
20566821 781176512
31869503 679684510
86944491 94580327
28236835 15345317
31166317 682631562
85556505 843008232
99038745 201558172
98017394 751035721
97057719 75866737
38330558 877261793
91989218 645977310
32907220 463672411
74624682 25597702
98428458 12713920
69504274 628104779
98337705 786069562
26772748 909109173
55923414 951867366
75724251 213165631
63258205 246668041
65043963 805996668
23173947 903575669
61654025 893356182
66787069 717998701
27306811 746675741
78172385 43326604
81470782 954290306
35706601 317819014
34245815 618075381
77909096 680813236
65286056 640026044
4606105 960286951
4693359 857377149
91580383 36897877
53336140 960332610
38954957 15878175
2682926 353968910
88744315 431253197
210224 31757365
48570159 904386061
50863243 912587332
40822683 80842601
48779198 214957802
72149968 638624181
7468719 792682963
54636241 82233343
15853152 947601983
30273083 517105545
48333362 625244194
17121118 454752254
80474237 491708146
40364037 906335941
42385148 846239799
39490635 324393152
14469033 893521194
14791313 916134322
24665312 948775915
14350737 865967759
25832908 186225890
83171210 791847793
85206918 821691221
62417884 523986775
89312567 66303413
37966405 831696671
34430556 974635631
25837211 760821954
61718897 617545412
15507407 233998456
99241297 100462341
36099420 537680015
70185607 715298208
98542728 779668508
82244335 514913470
25131365 535070271
40141704 37645751
52891888 936878284
1432261 503194784
212254 109626267
71637312 487554689
15282665 600643112
53575066 535516220
73892723 821729522
62124107 582755241
16731681 434958209
76898112 578782479
59519244 366564258
70617051 299181431
59303702 456411339
98992676 866472077
48017993 317177337
39344190 476956264
84332903 598859308
7099921 306921120
63240859 107274751
7461941 38423678
1839723 809443332
54590484 467889211
55981359 617143910
71150367 555391435
74702632 76734022
22200232 236676026
37163123 94308667
45240199 385717127
16458405 57814369
56955485 5119660
67281170 745176505
13336507 584915875
32353021 248992457
40578471 477382777
49104013 464910519
76544036 682607198
14562245 86275017
5020774 183687222
1219995 638392077
94089428 439262782
41920271 679006987
68485515 393211106
69434808 449261335
65844580 800315864
76774852 693794438
16770524 671627164
76485397 56909240
44805811 317248566
19918530 614214774
49445125 360143542
47561124 397882121
74527915 829049673
33336877 792514947
87650636 245512579
2469261 85377252
68920345 381354932
66557291 164084946
67089102 129400357
77936705 895308821
35097637 544665932
2163753 639420472
14612810 252217503
33996935 306542807
60851293 642133050
4984123 682155087
76751918 953398047
94427507 748190187
92346630 885777123
23953718 210410206
85198093 552988901
40709172 556590067
1398610 729316286
20716762 250055703
10049417 991928722
26238646 118974907
12187094 847584232
45182016 1680536
15549202 247066010
4118919 406326064
18947080 750804406
93200921 175523787
65247411 794870011
84807726 624662880
4407792 720409908
55319184 191241937
86308048 475677291
12471225 511711519
90949275 258550663
95902993 193067092
24902014 738809247
23552097 493267714
18024247 594629588
84492085 649684683
38182652 856765170
1985612 222215193
79819493 56660054
79568482 716736606
29051843 567912068
67656619 931995112
59520276 892557440
22993975 998958496
74447495 819561681
2766272 376854346
38374442 367114002
87668970 950407204
4755645 787315427
68544066 611866534
72857247 946082026
35252516 604974015
24638040 308737168
57675994 326013560
236905 11727445
97306587 609612073
32034785 576313824
51276416 115070514
78066549 706761128
73977089 792384331
82755473 320284625
34565220 519084963
36223799 29883222
11013063 147362737
74728732 889159329
37521782 846804444
88013911 858200517
94973227 230147538
70706683 618864523
16836445 315130848
9258114 810188770
66292470 938048656
50233261 884168012
35006700 12434614
64811685 353168508
17020149 308673929
7306550 651284106
12446543 923683095
31281963 452278479
92285859 320278487
65176082 797127949
47375834 134179256
81379805 972757639
33153169 412865179
83258136 959363147
15531355 947944652
51351816 619144420
11839057 415489527
62974447 667387795
98610829 964196138
40423810 190280828
80307099 349741345
13183559 853494745
60600086 281637198
18231118 633793766
96885936 129366990
12358766 129349559
82383556 224298374
73004713 292235594
21977318 909546753
76392759 13644568
63660693 84604792
14903919 828318808
30528845 521833561
28070461 541385664
910168 552695288
40230676 152833955
77296696 303722740
48830204 889899051
30322718 26850602
61395401 864817713
24591958 653812445
54397107 295717096
84008788 253469370
56527942 248074761
88464636 31956823
12985962 546567532
50810478 567892606
6972850 980890060
64487959 77802179
83224961 869018576
53621637 814647111
64164085 177811460
35449194 686704039
77424092 887886926
13009635 246342324
32374362 38594144
52865729 503683295
178772 528184698
54229120 730886000
79982496 206420342
46049860 857137104
74419207 705401858
9285976 341205970
99596199 525927055
74202050 475298503
69691529 661720582
60353160 524594853
63774574 677323657
93269329 777391165
20116281 384247430
4445758 906488375
8125453 426793501
43193796 697280514
49844712 764699154
76149728 874931111
55729091 353174965
53771885 502801155
27791081 576443971
67133807 398141358
1399369 5626573
91754041 378143600
87661876 970414890
61984232 856368696
27994101 829373735
61065304 913038848
23718970 224578949
43310811 10463819
21200218 511858895
14122813 563212309
54582292 787174127
77280186 345856248
32472496 739818103
25046712 921411670
90693600 684920457
43202363 904529677
25640636 523779254
80770537 341632407
59253038 779098306
77010802 304018155
35076186 204696379
42106746 194285711
54886052 592529120
78418852 61072223
74890410 452086769
89075154 475472421
26056950 823561576
40567572 955879324
16240764 763264474
53894704 237047145
22706035 680035660
80404148 155755679
55249653 808971386
74445951 24073815
75215235 647529363
71924900 487861060
55471709 256999327
49777164 530181004
98593630 633435175
5672304 278828461
48708480 866126606
51854540 459435146
74182226 479610590
62867489 799722688
20368579 581674368
2625100 541061771
91483799 976009048
56218758 781896910
39551153 75949024
35151076 625928002
92960131 285449051
9053719 871610329
93228255 301078925
37922737 688630355
84106108 680303154
64137372 880718830
23777103 725828026
46567181 653369719
8600032 934346948
55397532 142219413
82583531 460851035
13786294 201305054
47439206 873669679
86816903 868116754
12264618 805787785
99577420 780220807
2430430 178248239
64816848 423070212
4992301 560382357
3101675 650198583
91617769 643426202
91123148 871896176
31022084 465083723
24108841 927727398
94251167 264379463
48767541 988259329
17301870 376398940
59585263 223675945
52873320 135506323
88559165 52542536
35703953 387474541
95921841 77724002
89572832 74919361
29870009 604183272
48383068 739009235
29424261 491658200
13957130 305350103
55824558 600587069
21164712 45318332
7690109 475439578
62619740 979579267
26481089 390343957
12577261 85017027
21050956 305334329
91696371 163363294
9885406 112740247
86488410 900827500
86426002 560666499
68172683 360816662
74890655 908591776
51443449 395366371
36066771 790879930
43300858 581657872
72518377 499331523
89935783 738727068
40712396 856145993
457595 62396997
97710148 12144352
9639287 158814246
46484780 489276232
24679193 356051183
98183271 360286517
91941204 792858480
17039639 792737088
8792105 480992075
95941984 20669317
14548394 518460133
99596214 785401292
20771794 177723919
49782899 632677364
27352218 694511406
11435050 587688846
17060593 335445946
37877361 292864062
71325967 346860063
66289355 561057113
91341887 187045930
2880725 11449406
45942276 849291354
17052806 175838491
51091621 683074247
18298784 986189421
40378668 255973246
98213998 211208295
71899237 245567327
3363372 906583257
49238630 260989981
72517215 11612733
97398061 727222007
57306367 779173049
93240638 844985979
61784972 703679823
87447461 984752248
31106894 69513400
37647513 968746470
69818489 66486400
33759445 360606261
64594373 553233959
87912619 942164247
81820057 946627901
43746909 929054158
40019059 368326570
82329243 201886065
18428240 563193578
55384125 766066083
51683370 701150350
87615962 631376214
48946233 520715284
91655997 114676906
26799913 613814403
2706450 121322677
3546593 321139285
68537929 874537744
39504150 268398006
92238408 800040434
97162570 697467148
82714706 346876669
96294860 448779529
6540427 291591024
99488280 879328891
71210510 710163610
18850836 623582662
28815235 877448546
86627432 742372884
40542290 171221144
17306281 108499743
38075490 533561709
85713753 441235373
27075023 910858440
96901094 126851918
55913886 917377855
10964584 101864549
14021644 435842919
63695407 257907974
48620658 7298558
29456175 348297517
13442041 589645661
84872687 363873439
27609760 985926063
37804127 29651385
69102685 222614618
52911025 237530177
23746942 982949164
32140610 928934116
20676654 933967050
8405559 52472984
92370938 904198878
12628881 599598508
33555795 276386929
38008705 453900683
66200433 114005092
89882514 93230292
13310449 202515685
92500633 770623239
91111060 676308072
90824397 480960726
78358506 439606832
89348096 762884758
95979110 98962697
83191244 211171520
89418803 110538191
43718356 657260463
62000081 442942336
19392267 322333958
78923301 932825135
74622378 15183718
13014030 121335037
71598427 796117836
51702830 42074239
88437134 170519138
63025945 92279471
38241743 562130763
71857785 571717755
59334521 807828126
79869970 272692848
57623232 800808094
24107429 619337224
68637057 274739415
3078154 852482683
964892 311849590
83054756 866586860
8882542 567568832
47292051 336814203
91523321 871498507
26549556 625432997
81753327 984550715
99986936 844086120
23851067 896489644
23051569 59966742
11673002 120682399
28175850 90338438
18411364 188507889
99276677 72080024
95842568 287880330
19421784 190523633
67981067 25250341
17373304 151491028
44569017 838012399
36149781 358389391
91272303 432661458
7733064 744860531
27308090 646583587
87620993 883571745
66016791 655620412
1287097 305253924
14033604 398362415
100000000 908460138
